104.0595414456739 30.6424865785067
104.13783153487381 30.623678642149546
104.11515611736094 30.69917895768805
104.03292707906559 30.60604540200481
104.0783126705895 30.616420243308685
104.09714004474732 30.64010314755081
104.03575313886938 30.677411110169647
104.04446132482815 30.690777657370084
104.096139842267 30.6581494403353
104.0137240111791 30.632912731430405
104.13066904764206 30.646537413756587
104.10669583562883 30.643836131410506
104.12118598535254 30.611385186253862
104.06975810173752 30.653230886016285
104.00978212206876 30.72790305961818
104.06554755496595 30.73849281294282
104.02845064222684 30.735472909906385
104.06409438795407 30.706178524269262
104.01448435226371 30.70247443145287
104.10531718316096 30.641307203763905
104.02931936593188 30.729288483639785
104.07293959470053 30.717526774561623
104.01369448496752 30.610706269218973
104.052325179812 30.724309539763862
104.12503283485016 30.614026854312417
104.01253472661786 30.65339562282027
104.03794482477537 30.73678766527924
104.14219639314435 30.73497662960967
104.02294491748239 30.705016811645645
104.00945536435387 30.661472834836456
104.09302246689943 30.726943331700216
104.08287896442853 30.731632191018278
104.0512822655107 30.732062257018832
104.04771328744422 30.610308238207246
104.04907613071101 30.67436738013361
104.13368442266413 30.657249786579676
104.00507335994334 30.677782702374262
104.03571069498167 30.71321408774402
104.09089992580577 30.651449697264013
104.07169884771608 30.616492521359362
104.01949565771304 30.669840972705135
104.10167527728578 30.64392417487783
104.11203236734144 30.633200342949642
104.0601442546336 30.702578922832636
104.03697956742262 30.688495573085113
104.14467254393386 30.691323200241992
104.11524000884606 30.681835649653358
104.03604416187707 30.700853905828946
104.01622391486293 30.61574172659022
104.04034136280426 30.654540657845267
104.10315079215773 30.65839343869608
104.04133695460877 30.63033796873658
104.00563322715027 30.65463005472372
104.13384457484872 30.71024100167188
104.02021607519221 30.65649980754341
104.03956384498274 30.718066742926297
104.04443873346355 30.712568872833007
104.0890987330081 30.715670107010066
104.08873066594681 30.61291950480487
104.05765152855503 30.609771320577675
104.06742470377682 30.708418479566323
104.00741309301105 30.691765088517702
104.03526744969783 30.705085714574682
104.11369878522474 30.724184912537567
104.10989198689455 30.670367706384667
104.08865964989704 30.720017124828708
104.0744974316398 30.7216690101723
104.11454423844137 30.6382164317971
104.11414531702164 30.623667224107685
104.04336905068357 30.606134836275665
104.11800418830961 30.720493434976362
104.02994939225232 30.7028622311361
104.10480894335413 30.620748962262862
104.03437667724403 30.651855065469313
104.07892851316743 30.71526106941375
104.07291526922087 30.674499237286323
104.03893306015789 30.72666305398515
104.11168066258071 30.675002296607303
104.14064198099433 30.72115593551316
104.03959280102951 30.63430639756693
104.106259698918 30.708461664559337
104.13557306432315 30.675005401065466
104.12397839517122 30.7343075999562
104.10318580285684 30.71088298415481
104.07853049704588 30.630785111705983
104.05945346355774 30.610806184641852
104.14561619123394 30.632234688623793
104.14626323980517 30.632715649570283
104.0219628358894 30.669084004367612
104.13035594521581 30.62728548446009
104.14271737491673 30.618683644899445
104.03391774392318 30.607135824916128
104.1377862502293 30.687358912984585
104.12791852202757 30.71021933733335
104.08695068472275 30.621997741409075
104.09584035458074 30.716891739648297
104.03378857293397 30.67178925577326
104.05878866220645 30.633647791737797
104.0165452500038 30.717563185859056